101709540
1440262432107024388
1638168416313028610
1851383815035637760
2008062163047620608
778352745732513792
1023159270135623680
1468532906549473280
1684087895626489856
1866778596280614912
2008753254696714240
782162915109371904
1031619943098241024
1473795655915442177
1708055900144140288
1875794115356663808
2009809551445635074
821457529284591616
1055852155070898178
1492836699055194112
1708346752724795393
1876260174446333952
2010313469678235649
842633834038542337
1112630773595529216
1502675209945780224
1710596823361167360
1897669346
2010758778749435904
845628439486873600
112899772
1504662092972183552
1711446861691969536
1898234322265817093
2014317916167213056
852211948808806401
1153326769929220096
1508016038327160833
1723177758896128000
1906129029708824576
2017284572082540548
856510752143757317
1222468141952880643
1512643894177316864
1724783550
1915593731740491776
222092067
875358965734887424
1224518178228690944
1518546236714139648
1741484656577675264
1922194938336559104
2274316471
918727394722066433
1230037632039542784
1527125913996972032
1760684337853616128
1924166064650473472
2503877731
956561013125476352
1263123896070332416
1533402175388663809
1764884614584340480
1939685580595736576
262676886
957662450874118144
1266124115288571904
1533462099380563968
1768533897615384576
1940404890
264466181
962149538
126878634
1549309864094355456
1776983769863606272
1942135428158717953
2811640418
1291661243543990272
1558399344071454727
1780799599013425152
1952748877578481664
3069772860
1318107588634923008
156126147
1802002589984436224
1986763835127234560
3218765682
1344687569951342596
1564525811784642561
1802349569260589056
1990687890679214080
430149984
1358408494601310214
1574896597741473792
1815982412142395392
1991206044945838080
443524372
1383690785539780617
1605066801112457216
1821379463617384449
1993011954093535232
4448768352
1399431301732569099
1625390273550487553
1829800945884200960
1995506727073222656
628344189
1402819076532031493
162594178
1842081808848158720
2000807613987217414
721565292158038018
1425902462620237824
1630788441033297923
1844411796872118272
2007896400902885376
737591915089010688
